-908570310
6654583675
-2359560420
9575284960
1465696334
-2714614998
1516112721
1798647566
8105951103
-3632561523
1688641040
-14488698229
6306732574
614496207
-2644137945
-7668871987
-16262440437
2816378175
-11389901766
-3197282129
14201287810
-10626216675
-9370102945
-4682938556
-901549076
-2723121028
1235554122
-13424504470
2926555074
-4237638378
-13759696558
-8793720487
6290179918
-7481430246
-17466933654
-18716423488
-4114259929
4079949339
12390425159
20837314514
-5701859476
24493147329
2540637458
-18875622157
5765427146
-7151055417
-23710897972
505838054
-8901582274
7781494911
-15669126514
15689895340
356586948
-2286084874
6675864285
-3580429838
-8890021606
25253232399
4259388745
-16221252529
16436994433
4587493101
14994636648
9119622135
3464795473
