706253607;-1393988212;71499645;-628050338;1016595659;-1018071946;1868956813;-1820952049;886537457;-253606492;439172455;992016769;-218670974;1489928680;-1676713208;-743058946;-440481496;-1239547942;1018691117;-234913169;66312228;203520032
186235718;212877918;-2101464593;-595261493;1169705117;1780449725;522810321;-535295131;-1427113313;1812174777;350469288;1056876783;1593520166;253979949;155191538;-2084142268;1709828006;899603313;1170450510;844405627;-322471352;1867625128;-1351653570;1178743129;197027161;707809621;-1563750099;-1908230394;191153637;505258292;177770164
-589141345;-547123897;698623000;-2096401572;1145806851;-470530770;1669043223;-1645479655;748296894;-1288969797;-1674695965;-1152369926;1600103501;53427909;-1730939538;-24360862;-303796765;-612491716;-1313167128;-2135847533;-1474482801;1864099966;2012937861;-1840710117;369322398;-753689112;52529027;1717629581;1000117821;1699794350;214056299;1521397108;-1784485533;487630319;-276933994;2014231429;-292747027;-422874877;-243792142;1403953939;132118281;-89648105
-1898080569;1552474328;59794172;340265779;690560911;481473359;924212539;1052304700;960885206;-1134192035;-926439316;459930119;1821663734;847040082;-1618093113;908980644;-1777128470;660689791;-426807045;-1915734130;1133150792;-2000777191;367947326;-1132372687;-1645963155;458218594;-805364315;709402796;390601721;-197889782;1851942325;-851403817;-1713614467;573134801;756324153;1665228679;73779315;48185969;1899676757;-1308983536;-244983186;-1281594437;-209324837;-912011253;-1453954670;213444352;1805962204;462676568;205427269;-1752825422;1622241922;1299674214;2037662758;-1005085879;-1290609635;1809147825;-1054214595;1248892779;1545975674;-1623262836;-374936972;1996607046;1618125179;-146521056;-1392790458;662511424;2138860772;-1455338572;-1561594187;1492421074;1368036210;932715566;-656306815;1700229297;495002673
1716295062;-622957778;806929167;-547360665;1243023557;1175996638;668896683;-958255303;1963581623;1297165181;-678626958;2141723102;1886188830;876010255;-1077149971;-1257869862;520751404;-953436089;-210229677;-122464600;-330384312;-387190483;-1821030043;1561816320;-1865395713;-1858151430;436936315;1058596444;-802192072;581475398;-417931047;-1712605000;428464811;632190564;-146888122;383366810;1418274452;-461212404;1309168095;144828241;-386319965;672220475;1451156520;1178509184;-254351050;-1313379242;-1523644317;-942268962;-1270159671;-1718535019;-101456092;1787932726;-281666900;-1163187298;-711760347;22258869
-225546384;935447894;151292772;-610897989;2063598978;1125263672;-340489230;-851402374;-1182365653;1188691563;-1370106953;-1566296360;-626166204;-1872485755;1839292405;-318102383;-1522347765;-29897180;-267933600;-808035667;2117481546;-1896465338;1352855007
1452199096;-1969067305;-365350508;491402394;-1805660002;-968109941;-38266854;-1302793658;1006198461;1213078510;1702182157;1935093554;437118830;-68857928;304200398;143443625;1080198155;2130104421;671607431;-1996212038;1059250317;-1981466875;-1223253908;1982360363;2069338998;944635216;380463172;-1849096787;1367883761;535647997;-1957591513;-1215570607;947928630;-908735405;-1330921591;-934993094;1438680627;-1091671553;430649462;-1223210348;1369286760;-192701912;598323487;819386820;1050976530;1575221952;1278381972;-448947488;81703307;-1379678947;-1412128302;-1573134495;-2010190864;-1430873401;125105152;-1687303401;663377156;-1095185517;891786997;-39462308;-747257773;-943822608;501764862;1608325004;-750597478;1741666944;988103389;-2098416716;70751845;-1147148310;396991251;-679741815;1919102714;537127918;-1298718367;1489549722;1251652981
-553576308;-761273655;1580842036;1483478394;1747166305;-1270967817;1979872372;1958030644;1046407672;673969662;404787772;-437606699;-1865584580;-2052653852;-400815495;1420547720;1086424234;37901132;-2068377750;1411086407;-2094159784;888956719;-2121994434;-1437346893;-239580872;-691510836;1992145146;-304559833;1920682909;-1034400547;-340997216;-663413750;-1368119298;-2058889462;1163309965;-1192128924;-1011769094;-1832227934;-1244333534;2095686067;899175836;-84504184;531418022;-68480769;325563359;1291044203;-716204181;-364226516;-407040140;1290748729;1313017390;635952270;1265295554;1812951764;996156099;-1094284606;920023085;1877273606;-1737559823;437124539;929984922;-1689041486;1566551706;354386715;384914483;-1814354867;-1832973537;-251227965;-530429337;2127707019;-1106861822;-1308459091
-1314048164;-1320133172;1014013944;-1774017112;1246412825;-1057094608;-583337404;1819454372;124653050;-1756091280;-1184804288;-126689053;1770700748;1411016447;1266105984;158304570;401271007;1128818023;676030867;2096453921;-1991013820;1138904428;-1701228460;-2012285071;1088088888;1705286257;-1310191232;-284010642;-2098756390;1665282331;1741562505;1130049288;579171620;1711114548;-637862487;507514205;128691480;143659473;-203088583;962844034;-488026567;1491153845;-2113152958;2120065411;1837558588;-1002400265
1053643175;-844193793;1861060835;-412155754;-896316424;-1477888838;-1611678946;1191366174;1615212545;-244465549;870554892;-650667646;-731282727;1285848759;-1499523467;-1481328209;1653905248;571788422;1253667430;-1678972936;-1997982008;2130804878;-246700715;-1942981263;-164770473;930484892;837570952;303890814;-573104278;-1095088561;-180539978;1782154662;529124028;1984515342;26587630;-903427412;-916711448;-473656517;1538338487;-2135319840;-1985683412;-785797976;50639480;-2099952206;-1632859281;51778634;1019437338;1177700487;-194942332;375042859;2011046379;-1851379505;713093552;-1815321947;833996741;641665879;-1262774423;777903564;-452651154;1456862427;-1301193888;-278735316;1425690690;568434655;1224817089;1185095603;-1144120561;-1802837058;-1970925895;853551088;-257948865;-476927742;1467985464;584985726
263833334;1284453368;-1708792646;1309000975;1028695674;173658045;-691367237;1901888586;1520287254;-585788963;-1446269053;-738941400;-735626416;-1619526654;-647453071;-1094026510;165506369;1375099438;-550480902;1652802467;-236403611;801384447;-1174586472;758899407;-558400589;2130445875;699050241;-1503152192;320093933;623117423;-1101123428;-42367007;-1580178888;1694909243
-275801505;-870220049;-1830604207;1498794206;-805410292;-2089055821;9629463;-660080815;-248409721;246265286;-1468037272;-1222191309;1701631386;-677791335;-54909798;-97637150;-1280773662;-1404942173;-1022795076;-1787053981;845024181;-328804749;-1611704289;1831927958;-355995841;833615624;898240791;994713003;1095662318;-1932464032;-535198718;-1718470956;-713106160;-617066162;-1121828471;-1401575620;-1280800839;2016584080;-338402011;1016921654;-973406487;1862237984;-1177384475;607866553;-1859132178;-1165312822;-1628649619;883786252;1939794183;1082152446;-1323304127;2024776125
1502301159;1214898755;-2109190953;1115058375;2096938939;1409730170;1222233171;1208739564;1008328276;-524958444;-1362396466;-1106760406;639922432;1038938286;-1103793284;2124183000;-1961154668;1320604625;-467420068;-1616476328;-848564281;-427354176;967139245;770493047;195292604
1143941280;-626894055;936241632;-857651497;2065758030;-1685520619;468273142;1071646313;2042093547;1392584541;-1896817809;-1241654561;-1297708740;-675913886;227159294;-1082205895;271613510;362335926;-1444215444;-172198138;1883006791;1505407218;-1861463640;86679267
582150105;1159640097;486213952;-1744121675;1704201149;-945399976;1419173225;-1790072379;513383969;-1243032144;337829572;1457040573;581124767;1504791176;1975691863;-110936069;-2052054516;-1004806005;-1651259251;-1837820659;-116728871;-1587842746;-425617607;-1406114717;1408805308;-662631942;2006929371;2027401285;29661582;-1837733453;-616190431;-805813498
-1663447911;-637142353;-1610490758;330273351;-1988454267;1436319266;2124890788;1555475494;2132524758;-685203374;-1612011084;1041815920;-1793464443;-300861481;578037551;-1016622118;1189132663;1029688782;788505711;1333835736;519820306;-22685219;1939014734;-1838396861;289754642;-248825229;-1861980130;1570665525;293391773;-1034588844;-580648997;-2147296969;-1800434284;1563118676;-1755631197;568634270;-1182079957;-1563340190;818406502;-65461455;-2093474117;-2129220408;-1996502567;1678260751;-1392916778;1592499376;-729513041;-913714225;1068475548;1562242281;130015243;-1706315031;-286780852;-331317269;400746799;-623452077;-562399971;-210814440;1870249081;1569810799;1695543118;-151991228;-420389744;-1367107549;-1732468868;-573824393;996930266;1299581257;1914503475;-1434486031;-485280719
1838170822;-2124191379;-1260397355;-2030715131;845259874;-14398806;-842500189;-1747362572;-1438632863;1063316518;-1917262713;-564268911;1770355931;522546220;1188516398;-1344520202;2009134723;-1662675439;280141568;-1551006269;-1459137361;-1744159047;440489293;715361091;1491205816;1096377696;1079490245;-708460335;-1733539197;-205972330;-1112634579;194836600;-1175368608;-699826293;-1795447216;1385015001;-1825157102;97662860;674781491;2002439761;1338724142;1212437965;155271819;-1184237478;-84150104;-1311144600;-490851725;1308811569;160505258;-1536829019;-872934055;1953216953;-1019504729;788642940;170793529;-1754455137;-981533776;-762986153;1029343246;-1814606914;-1404850426;-693477349;7009924;-783038781;-828559121;-1204167575;-722018831;-244968428;-1714770483;1524817184;-1279610234;439806701;1715810155;-450987994;751632065;1575269836;1007681178
-1209650907;634773519;1102383612;-988359650;-1251274451;1915738586;-39819745;-1464417965;-411758723;-497027522;-248825139;2037884580;-2045581989;-86931561;-925388383;-974425529;-424724644;-1212228043;-1689994787;-431115953;1395797858;-608105155;-1048988293;-122930899;-1387380283;1419549137;1419207553;892495225;-726167089;-1207469970;2147261337;751037938;789096814;252116118;-1597853984;190879939;-854689756;-1622499666;-1252097538;1067076872;1449184577;-120407000;1467004022;-184858225;1892401492;-2122271260;1604348222;-1462598686;-933117217;-366997293;1023509649;330855301;643119689;793672925;-532647164;2122239355;1395915032;-291314172;467324375;-211684337;1947068511;1003615177;1464692877;746266320;2092149364;-1265591602;278254527;-2099347748
719037628;-1628585684;-692001951;1634934701;-699051418;142980371;-1800101279;-1983479133;-187139026;611549380;-960116300;-137182669;443733159;659554932;-163980205;802722383;267268476;-1520957871;1949802450;-703005017;254475919;-443439914;551534126;-1369939177;-603177115;-2017938849;-1314439224;-843843744;-1177042240;1070207999;-984538703;-677912038;-2047644531;523177361;1173654568;151979753;1813166592;973528333;-195990176;864355310;863364093;-1340197092;-1014137723;-593096063;856572857;1376352493;1972365569;-1148207332;-1854808671;1825547081;-1093518854;658549913;-1077791110;920744676;-253681121;-1637558624;-1438066999;-117888522;-1657779292;-260110502;416161908;1110761226;-359636854
1104501416;965109014;382128931;-266160356;-516745219;-1129242422;935013077;873698271;-769565992;1472159532;749066526;-876788496;-2126046191;-329383580;2078857943;-1405928360;-1436608555;-400125484;-973428292;598642968;159646924;1221400171;1968194091;1242598305;-1612277379;380122171;1589330219;-73595511;957613041;-161515448;1501388464;-942763908;926529430;-1829447262;849528860;-1512990608;-1405242010;-686045003;1212751625;-1353517796;693154376;-1188995106;395386949;471965354;-653148234;349079874;-413845731;-1259701846;-1347331425;468069851;-895516450;-1672450486;721159309;91144659;-1937898344;-1022214460;269667082;655868436;-881056987;1897058583;1075470656;-1342114017;-101416087;-919609351;1989128159
31391450;203310859;91946819;91386163;-1829612990;239230542;1269374933;2081698842;1361680067;-118613803;832844976;371642862;473548571;534108860;-644086648;842786629;-293350103;-1154991528;1728574663;707918723;-1881926736;1959010479;1120604920;388782187;-972556199;1590426922;440717416;-1485289735;1203730942;-2104754040;-2126556150;1690879344;2077200165;1536463638;844531355;506399406;-947941174;1397324316;1702968581;-926455098;-1644984991;1882808474;991438088;-1451790128;-1195272166;-1583827148;1363957783;-1567407622;1825652838;1165369194;-323372929;252550627;1132912057;518903307
993464360;925289361;-66793237;-1123316366;-1371134146;-964218441;-802454573;1273731232;-1859402623;-1479011131;1140031672;700514422;1540610445;415066855;1535272752;90376035;-215734580;-1955645211;1056954145;1829560006;-1123037360;-380634272;-1176282437;1202420693;774886883;-2086018981;987921319;1480152768;-1833052325;-2025351939;-40994944;-1728808939;-2066770383;-677008492;1135888258;572356709;-1467536556;1455807965;-964104320;-1984670168;-36376517;259895170;-1445509093;294798813;-878348743;2108568803;-1929136080;-846339979;-618193132;1382744601;-636644974
1081617111;-571308489;553452792;-1793033655;835145447;-1900390702;1369956665;1286011536;-1409406381;1207316419;-1650028106;-981149612;-1381094544;1260956458;200675350;2072122698;1265482405;-340200010;-1772438216;-1065858774;-2057519485;-1585904860;-2124196507;350966744;-1587229416;1941702405;1915384773;242781636;-2110087548;1247098307;870865172;-1252124014;1969984716;-523038235;-1035081323;1649558012;-870617874;-758396527;-809691578;-1493372169;532901172;844326994;-553507500;467916052;-679107379;201122075;443846097;549162025;-1598287719;575878284;1033722531;-1508437456;1872017731;-2050476173;1173113023;328747886;-267837804;-1041580651;-1042017129;-900515625
1838034093;-1078351151;-1035506512;1171387032;-1918256204;-1008127944;1508484470;1502872544;2052448866;1090458871;-906906882;-596260250;-1498235660;-1560107260;1547635165;551381806;-1477810128;-1244473383;-1259820791;-818004842;959355301;-2053297815;1186149824;128024162;1656813623;-1901988271;-1435340376;1199177493;-1123419942;1425574222;-1584828617
1857700765;825800687;1359947860;515505569;-1439767318;454489227;-481076418;-992412762;1125175052;-1973744780;-2099654228;2049622095;1840017392;-1469513876;983594550;-1360299139;-838443217;873904471;99015667;-1471929850;-377591733;-838828238;1945377890;1192542153;-1826458312;1077503555;348270477;-1219930366;-1931010786;-2007747438;675553899;30204126;-552346787;2039768471;628019078;-799849647;529347281;769541684;-427688483;745295911;1552367958;-638034972;126487051;1608458585;-1378908274;337611573;418413991;-1402050911;-1383798559
611596526;2048620624;-1593759803;617719205;-45608289;369574751;-853056961;-610872131;1721831974;-1234345277;-226536792;-1940787958;619423740;1395063300;-440575820;-2124591887;259098701;-219667184;-1798074704;26159323;-1733293094;1564741964;-139956470;-194864015;-1925629152;229708779;-1571566058;654580486;-369629254;-1115205245;629877775;-1076890795;894531587;-1484141859;-1661820069;730389099;824592639;-1607277812;-1164445934;1769452006;-1604597126;1878700736;254903744;553975135;933869937;1230945499;135472234;527416100;1226185905;1356322884;711402959;1984730154;-769529922;-1570479365;123343343;1588827969;-127768587;203035246;-1832136240;-1598950519;-1117659148;1754526986;1174492031;-1644665308;2070148409
1711139412;1226198828;659608585;1057787064;31190906;-2095275545;450112914;-186766494;-1393531217;1065559097;1793815635;-2033062836;-2097304761;-857886374;1290861243;-711956905;-696948363;261518280;1827133456;1769569567;-1307940915;-440579459;631682962;2681673;-1948850940;1330367844;1958606304;-200761826;-1587245574;138454281;450343065;-160123299;758075386;-1460917872
2027831884;1074563904;-135037720;-857525130;-761854704;-2022413893;808358976;753097258;-1329471682;-1253876205;-1780947783;-1513212813;-2121749327;-496627988;-908875940;748685145;1014082461;-196988308;36956237;1269789951;1690026212;1490230779;1279644993;562175235;961162664;-275182007;-1865285843;356601387;1562216992;-1981387884;-2029485249;-459952579;-1797187153;1946586666;-1874768111;-373621715;-1896821710;376293165;-1912605668;839602301;-1397915495;450539926;-946028950;928219104;-482714440;156045179;2094793359;-1355250655;-1877520801;-197740652;-1713908007;-166719677;1757022631;1049581307;1714400198;-1945326360;-326625138;-2118382797
-20965898;1000984518;415766634;1224698337;1677498999;1146567881;1518092290;1825331338;1481164224;-2000854736;1488354125;-1227858316;-1062821675;-1834266811;1497112216;-614966379;2141337355;-1793328170;-1218664342;1266830601;-424591121;-408233652;-2040807155;-1650479031;422058342;1917751291;-151179699;931030428;1671848213;-644454470;116768639;-2126985780;-333450238;710686390;2075162053;-469442787;701306235;-525997693;990342287;-2088366726;-2087258570;-1114703757;545539684
-448530247;-725393877;-592174623;504925537;1375295484;1083892594;-363373822;-1608629646;-1679944628;-847457204;1660263584;81937092;-1090172303;-954109369;1843594810;1784056682;-1752934126;-1782073324;575367671;-1302178663
-1949613480;983885547;267835548;287156178;-1099992636;-1506057319;-1187703285;70194840;-193848733;1620749496;1274085691;272591282;457790514;-2034942919;-1783506696;-1973975878;-1508556555;855764105;907448945;2049489087;545774408;-1934943213;-1518301069;-851083924;-644734221;-1097988856;-1453975078;1489639529;650590851;1366379874;-28228797;-857876736;-2024060395;96867109;-949534714;-119816701;363674484;-1531512601;404704867;-1568943123;-844651674;-92473709;720351994;-1673238201;1446407234;-316018071;-1565886592;974979917;701765062;1469408840;-1335172945;609406161
1746375983;1762643838;1677242718;-1158584216;-226224895;-1117879918;1166771871;510833647;-1533235064;-643013389;-362485759;-927434412;-666769989;-1801063677;-1928484713;-20332420;-684293053;-1548499285;841678654;928957414;-1918881733;-1780588074;-1110454015
-1429811913;-551266782;-844251714;1711617869;389092743;1027458261;-768093431;1445060817;73195965;1594059277;1434650960;851139853;20309099;1482598203;1020194622;-1414234816;-950673872;554385617;-882694300;-2075078787;2084933110;734708538;-652960746;79335107;128311668;1228194570
-949026742;-946001414;877554806;1538383464;-1434267105;1079794029;-1161357818;-1424801259;1102401267;-1907586161;-966866296;-141610512;-27100370;347430787;735510088;931056713;-86937782;-1867455088;219997053;1536098766;542999391;-632675036;-2090855931;-956189391;1087250425;-269517028;-775981483;586068231;-870692815;-1422757822;1835121578;-1073506317;2048012539;-1251837930;57517444;1351627523;-1942324805;120137681;1403653204;-912342439;214555166;-1138123354;785674611;1940796429;-1921820377;453374026;1429757526;-1935776430;-1598791288
-201260288;-1564683817;1811892019;-1642211285;1768015799;-152939153;-443542993;725708918;273270266;-1887902733;1329767087;-715320203;-1759421263;843733862;1436451423;-1788448039;-1051700314;-1788357542;-2000816383;-1272197843;205406771;-1031072621;553331256;-1455004394;493235517;-901117975;-1264092508;1131411931;-349073312;-2020711566;-1950463442;-25945561;2094941803;-968763680;197516708;1866354190;-638188274;-1270779866;-1910103673;-955097779;924147666;263263585;795240483;470562261;-1221884344;603076854;1933604064;-1428605302;-985976443;-720425993;965241048;-327884217;1580758221;-627133750;-2016516951;-1362149595;-735681139;-449200116;1150808971
240307854;-422086222;-1470327900;-433519062;-306355608;-1526600591;-279842918;-1833705069;-610590412;1310200159;-1563845270;83920104;700310916;385354202;-1700039048;-325205974;-1934406505;649508264;-323691290;-1848204431;-991072823;-390592673;1087799848;1786315753;1786451272;-2066892025;630162136;1594936605;-1795394036;-549956867;-843191354;-89087369;-757299448;1774223130;944372819;702846215;245792669;-371371501;-762136066;1408496003;-757979313;2017323298;-1244157633;-1201444210;-86446918;-1705809434;1195687827;-772201667;-1492060218;-924681593;788718296;-1801953834;116042521;-1116628963;-838825510;878891738;-973059891;-572788910;-380939731;-1897270203;321826402;1470536517;-1777557700;-1692753645;15293430;1580232369
-2043540218;-2106901837;1437772622;-1935667784;1941102758;1569248904;-208974986;-1505018770;-1874995831;-738197734;-659570164;59525470;731992788;-2073295875;1605457049;842400542;-2119709183;-2117795810;581596087;1456757461;1667560418;63170692;-1593920078;-2117503984;4054500;1911312951;-817014933;1670077910;250140568;832054143;-946837633;1205586169;-1083869073;1282450513;845217705;-745254994;1739986373;730046982;-285527964;-2026429856;1110429984;-1428514226;1814201044;1528638912;-708393288;1298473315;-1431161626;370675232;-2096095174
28480437;99574785;-66318392;2074968468;360650799;394681834;761657156;1339529523;-1910560264;-1678800006;-436650034;-919214131;-1632785266;1300385216;-1454529142;58278177;1858714285;-177833782;-341443674;1405595891;-1580387340;-868222341;375958683;1126707196;606863559;-789734751;1113160370;-1379912671;-802606985;-1544869817;1989166281;-1554149400;2117948832;1578674246;1469109078;-830843609;1968948434;-1951573726;-1247546964;1603251965;-1845847693;959881234;80893821;1315432198;-1432640285;1978676064;-270129505;829360585
96736755;1658847506;-1492853131;-1633184212;991311914;1419311938;-37083699;687436909;778621418;-2095387000;1242453087;846299220;891537914;1187835894;-1222493189;2145614592;-1835352435;-1641418925;-1498982301;1290472867;-1139637472;-359415196;221950783;107745381;322971526;1463099501;-1638558893;1922423689;-272049088;554258935;1613589235;1114113742;15419410;-1958176558;2130688437;1605974807;569385682;300192861;-187837080;-408487347;1737042306;-995088892;1381486149;-1637908092;2132983713;-981296631;-1754996124;614803804;345887165;-765585273;911946865;1400694953;1278004557;-23223628;-1324369505;-982524586;-26754627;867115110;2110952155;-924713082;693698249;1998733784;1397441861;712925947;1669645325;18692525;-1963227685;-1948538181;1392760285;-539716812;-461992841;1199674096;-1812853934;-1162630932;-1312415237;1386394895
-2034794677;-413803062;-1670649283;-712924993;-313129029;-229620103;1023209453;1930427663;1416105956;-824129082;1630810829;1059005087;-265526992;126402504;1857151970;-1546607263;-455158645;-286986904;-350962703;-1216490801;331767402;421804559;1958023457;1694580914;-599173361;1632079008;-1471601955;2097804608;2093449994;1531839400;1613217791;-403669908;1022205954;653262036;-309548246;-1103659398;-1943111243;163487651;76833142;1315351505;1867107132;-492511397;920332115;-762834412;663318675;1998727232;1359314854;-344117646;-505303975;1264987139;1798730040;-1780330179;1806271955;1559789945;1306148432;-1198774599;-1569946826;-619836532;695366301;1091860790;1420248101;861494134
-324501407;374653048;1296204331;575258028;-610512426;-1370869954;457573654;810295117;980174584;79419909;973203976;171750767;202271749;807755864;-780988819;-561189414;889408612;2020880264;1985232320;-1141029289;-1648971711;16462511;850639680;-1661950383;-1028251813;-1667039503;-320130333;-1167511880;-1957937892;-46530555;376522123;-1759009752;1349341673;-1694734093;1337664631;1599395658;-1076718149;77851934;-1495797765;-1917931654;-1360588818;-1362393723;1524026739;-1431782486;134357080;1131660869;-375134091;-158700155;530122141;339249250;1612174149;-745315626;-539888446
-541590899;1657823531;477664767;931067272;2052989005;1943136181;-520291624;-760983950;2095583760;1059027826;-752656018;-1945770563;376442463;1666257293;-1734584046;1377860638;-1130263174;-412468220;555883546;-1081320699;1992646981;547945611;1932604152;-695288797;1130061952;-256613968;473937031;-1847876307;1992757563;-248163777;1069004712;1404255200;1341654664;2108041959;-684799475;1974588996;424535409;-1177808355;-2086829996;1935297331;998458668;1830233663;536310615;1138116380;1567219341;-279647747;2058698434
1760935611;871535348;1793545445;-1249236019;1807511846;-456974693;662813642;-1547116613;1374180536;1041715554;-100792438;264714291;1844416586;708051991;1232217564;-1410354747;1348557401;-1005231220;-1777348882;1694389355;1226016761;-1489762697;1743368055;1378981394;-517630199;501939608;-602365939;390619482;49129383;-1737735647;1647082931;-258784102;1563891942;-1121769903;913930166;-784659162;-780026690;-1623544735;495707832;-448834861;-1804871869;586672036;387580172;-2902085;-1285530342;-1611215895;-60030907;-1679105987;1179002152;1499074339;-324498423;-198547641;-159121013;1105527115;-1040417238;-1183624490;830010317;-1342144891;-1703783434;937348286;1120333910;-2112200831
1908876198;1438770467;-1058993116;-275900939;1265719382;-1808009291;-254602138;859042729;1080802101;251866699;162853757;-1219299465;-101032436;284424274;-553819845;189438923;875716112;-473478628;-1167403596;-2108310330;-1443804642;-856014896;-134536413;-1503005100;-1091688120;1016626081;-1297593843;879120252;-1762269809;1586606914;-2116293722;-1422866694;-2109923598;-1126817639;180158068;-1186491126;-1395807577;-1677932110;-997086926;1195652742;-491371864;-1594764298;-290887690;-14969549;-804837008;-77965668;-421404779;281534807;1125041670;1497260126;68879174;2059268238;-1124762566;-731831184;-434802555;1079588317;-1459075794;-1816493395;243279161
1240845335;855924499;732492824;1923621663;909775685;176258161;110451530;-382783906;-969874080;21679710;-1434476212;705107766;1325897459;-1211402643;1695439895;332650662;1649073198;232972446;1532675712;965496271;-2108311833;-2086161642;-230914079;-1555330360;213041378;-599948014;1721225721
1154569809;450531609;114620688;-1739603202;-276536163;976868977;1198975583;-16352219;1524162918;1636392403;-868735827;-2026967208;-902943288;1319867745;-1150544067;-488566367;1549461984;-543295529;-1260582169;-519891910;-1253245810;860254977;1581054340;-485952994;373019515;-1744027284;398587791;-442055972;2070945629;867707744;1777144840;164947629;-1391161223;-144481523;-1811623269;434266057;-1783146647;2063298563;800760833;-1790776075;1297903135;-380314137;-1543176026;1384888672;125627689;1328390755;-2052191860;-890587729;-447745738;-1340379554;-1850682514;43118166;-931277608;-76456339;-1837252568;-1353616599;-584662389;-873742712;-807368106;2133828658;691135221;782750976;399042362;226031556;40545135;467200176;-1763646750;1522372048;-1589243709;-452266382;-1729471863;1019487350;-478043593;1691797972
-874561057;-999632694;-369988340;-2098832702;-58022071;-1464015171;-1765530584;-358008650;1409573219;-1377275052;-1639094391;-936065547;-1913255462;276770525;2057736593;1748114494;2105019955;262904561;-140823653;963239958;-301854757;-1806966023;-259897813;1695514348;-1770475140;901497075;-1704155034;1107274621;-1296407151;-456037770;-2038979900;155171961;-1005448644;-1152529933;-1967628029;-1765682842;-1743806890;-616527811;-32467106;1397481925;-1531724856;1659152970;730580735;-778167694;970818328;-1232943301;1206375857;64433488;-4344762;2133990041;786623705;-321161436;-771968807;-81660191;-1726753882;778969025;-1401060556;-1633067966;-1515112313;234461285;309954349;-1796032604;-2130731555;1643584611;-262830113;-1208611348
381360129;1565157055;-371976322;1369143848;-2056873565;285777901;-372699134;1735338357;18624808;-1407238196;1695956587;-1089512946;-1214717549;-1117512236;-55740107;-694445470;557320430;1948545190;-1554371859;1465457993;-1150066070;1002573664;970431222;-1656763011;106858187;-1294797774;-822313335;1434494024;-1146122494;52286513;-702540291;1921922943;-623067877;438820970;-312649144;1598796462;2079412057;-2135620550;614268613;-728387692;-801513058;64828637;-711505097;-275013167;1594556688;1366206019;9114125;196594141;1542116858;1820195114;1232553703;-1965104324;76613615;595768936;1652095320;-1281359377;-960610252;-1200641144;835172333;1581273901;-1575031201;-904135527;-521756818;-1962560174;-679267525;1850408769;1329633891;-1786881257;-1494215186;-907136232;-255159079;1791159812;799827805;1662905139;-911300507;-2037128158
-889553666;380601449;201981171;1190265552;242288718;-417098091;-845342298;580253015;-386126667;-581191759;-1262230394;-785124821;-584433640;-582917992;-1767769164;-631719807;-784868737;1395960711;-127823083;-1071722262;1671875372;519218583;-1640971891;-1202379669;-106509586;64009351;2057956716;5595629;1084653494;-1054731073;-453899224;-418327081;45655402;-546786415;156150093;-2011129863;1541566457;-1857885759;-1381963600;403714987;-2111472977;1176230471;1884420074
-328673079;1086093651;537961220;913313649;176823115;2033680272;612827247;854970543;1545101329;-1735733844;-685086666;-1981622824;1086897700;150275096;1052191350;893703381;-1361796273;10900236;-1291011827;-51163343;896005873;1902102221;1228290192;1633714684;-1924262381;-956001230;-2085180285;-206639117;90832060;-44750493;284111555;-1483544099;1953968260;2051278564;-2081881530;-501630665;-78233498;852534481;36970759;-303673069;-738136614;1549068395;656868667;-1676826308;107959075;2146823634;-1730505272;515581854;393779941;1773218324
711441380;1666129146;-1668601498;309266535;-1712025246;-1360989051;-1309315664;-418122428;-878413003;-1100782778;399847758;-527892551;-1359118679;752916015;-957541868;845383331;-1471275046;-301686984;-687347565;1351224454;-1943513955;2044704879;-681357414;-1342143804;-1377943136;-1625217966;-591618049;2102498315;1579886031;-324059296;-1555340129;-2078432753;-185264135;-189360403;-1910469982;-424711559;817527475;-762111691;-686697981;1040287518;302533244;663990964;-825408945
2139400737;-1849037644;-2077710420;-1099017920;-1309978269;-1457757913;-1199743972;1805045396;1292878294;451680182;1562435843;-572981512;-304912885;688529433;1745816806;-1972306457;54263537;-826540631;333631861;1095409789;-726072456;593672243;1434901962;-1983929235;1466750582;1463920142;-1193828109;-343582152;-1036454194;1226785647;-251367251;1703820955;-358969906;877374203;1108727922;1457993544;1029111769;725451677;-891595594;702506713;1674470213;-458262631;1910701676;1397017601;1136918918;221612257;1631709902;1299128324;1372276363
740049758;1953867880;411681384;-1458722765;-901227993;1434709996;920985908;-993472267;-363315640;-1710449991;-415351500;-58277411;-720792398;668518871;-1068978376;1070324714;1725151536;-68828702;-819953339;-333785087;-381129817;1189726460;1345709939;2074040319;-964981345;846491653;868295448;-1513622255;-521489407;-1272071415;-1326517210
-2103078622;-453321478;-2095563567;853631573;1392802559;1527151262;-60966028;-1122114604;323654090;588622026;-81068363;-1788793240;1281706661;-1234036272;-2102265882;-1269293461;-489463124;-230347211;1537396654;578028475;1037663801;-624501593;-1065754392;1723288785;1691023458;1130276141;-638059062;-1992732911;-57563450;738460576;1123509066;-1616002973;1091016073;1460606297;554827452;435271169;224526236;-796826069;-1347163713;-2107032430;1696401217
-1619050406;1863703928;399241934;1594350894;43300193;-704666267;1982460336;-214012566;-374961891;-1894809548;1241755058;1587314048;2079442475;1343421942;-1923994497;1995069857;2140399780;-91302582;-1419524763;-309812625;-1502522498;1468446449;1635266395;-1976968018;-666683343
-687805627;1281935419;1386861725;-1843376872;17272437;-822562244;780806954;-543787148;1548726645;424425112;1691130160;1361917889;115508995;-1721621335;772009881;1286904531;269377372;-1104184528;-690294331;-1702353066;-976970819;1192800137;1218469549;-23782877;-337324506;-178539489;1613228106;479695828;1034699104;-1267764703;800636215;-175862887;-1217624767;1299491445;-920090475;-719348915;-820143313;1260351980;-1513354194;253294788;-1718456606;1178582200;282376412;-1811861402;-2008004755;-1971147494;-1606096597;623211776;-578470786;-160589473;790274621;-868181799;-1734722588;1949236492;2062221038;-1776679932;-1432263855;703646040;1848027447;1458387956;-290868639;-82130726;-790493737;973721685;722295002;-1884616062;176289327;-456867559
1857390541;1767396461;886157776;-1594370211;-595887564;139038189;-592740804;-211788874;-560065563;-2008612901;-350682076;917123680;-1057517644;-234882532;1314141800;-2053011780;-1629434796;-572158866;-1658401451;-371147986;777578177;-2084863539;1907435578;-40276700;1743226880;1102261784;-809159621;-820300457;-1368794614;464712180;-452432796;-1513117616;142956549;1614256368;-1196603647;232217390;-2122650187;661321194;2093327404;-806621019;1137187377;-2065866320;1496650150;1659335242;-861206055;-1425670167;23263210;-1550747123;1064950663;-1282937290
-1437143035;1644987652;1853407635;-1459395187;-442933133;-612627780;1472656899;-1451119949;-292606464;-1821311307;1386558572;1939365655;511583305;1701214909;-372665665;-1173704514;-1095881059;266734051;-828493221;-777209572;-821414140;1595159847;192078003;-167232786;440496515;53258100;-1684693459;657385800;1922799519;2047352014;-902680755;1887538153;349624350;-1917480761;607591442;-858483498;-426868972;2094227511;-461323872;1641020197;1880463901;854348331;1651595806;737242905;1856052454;-2098742243;740761313;2071280495;-816756238;182138213;1961879753;1910204407;-161324133;-360739345;1621881579;2097410405;-741807787;1534196782;1539810160;557197928;1610474810;1334163024;663649980;471112188;1694764482;-1124504909;-99112750;2025843452;-1460224047;631720855;439261430;-696205062;-1526721290;343777811;-1331633261
1839438321;-554099635;998522463;861833084;-1809880714;2117683941;-1550441796;256110498;-595742928;266011057;-1979141535;1282833010;890033928;-1186230353;69648953;-2075332812;2056580262;-1409088969;-864866422;925743390;352644919;-985471120;-2071600294;1088762087;851123568;1272595460;707471373;152988569;2033679827;692498455;1936733522;-1466326357;154674993
-1701702080;-1042773682;372444527;-873883383;-630043205;-1901452537;1981372044;-2135613035;-1199121124;1485107069;579632098;1508826527;1618055441;20414356;-663897173;-774861143;298105024;-1989883975;-902521146;-108245083;-1606833358;1405272959;-1392404805;-404654936;-1677738257;-999866773;-2077362180;1861431773;420517860;1675089419;862639213;-177324613;-1813975155;-883979955;-1869317594;-433462662;-577553585;-738367219;-193422729;-884723006;-1404840667;589643247;-248947412;1300256165;-1419998593;-1572587666;760734737;-1582752305;509064550;2045311029;-2099969352;-1960222724;607732707;286233517;2063543929;-668025687;-578399839;-2033757994;2060511930;-540880626;2011838417;1374766682;1102263663;278004554;-331204787;-1203493921
1993760224;-340320000;-1011696484;884391865;1817194082;-1860263804;957884207;949568558;2107464555;1398017292;-572160340;309820321;1071359441;-170728317;1908068600;-2067741357;395397403;-1126476555;362096216;566881138;1100656432;-1945405394;835882564;-2105867949;798174033;1205740960;536096129;1023828478;370798665;1848278665;436554094;1244828399;1941157347;1573754965
1075384091;505201051;-732305088;-1276952411;-958906832;-1058650473;1212046143;-28577483;2128026657;-1770696489;-1601099488;-488231828;-1927457567;-483872853;1875438063;1007260776;-2127898514;1825477477;-160403813;-21055971;-454677744;-706096560;1686656474;-900081305;-1561791006;-1479407392;-837584311;-194363807;1843829649;-1615263446;796499670;-1311810569;1566627171;-464302698;1933442401;1087042489;882547835;2072535762;1379769249;1577062130;-252058790;879459593;-326923708;1958492409;-1056119895;1091284052
317295302;-579861451;-1599183760;1481446643;937253831;-1524786374;-453096527;1484890374;874556404;394334435;-1495038665;1742603156;1821154081;1413162513;2035935838;-258763252;1843822994;857563995;1424811898;1119538929;751599060;-1698761643;1288171460;-244197191;-109278262;-915573995;163953806;1192440568;-720537339;-547330062;-1479029826;-1328365123;1196575321;977174927;2042810745;1309798204;924182188;1970260247;767824158;-1314798676;1390811921;-2002233655;1316934005;1429477234;1552043028;-1429517641;365977639;-1616166017;-982292393;2063470025;-1642309519;-1341525003;-174591907
1233789204;1186660624;-708302939;1448866073;-2134387312;805532227;-1369193734;860462086;-210366832;-353431647;-2065979383;-2040240316;1050885543;36316542;694129204;-1906282511;821334077;-1639883178;1879093413;1107160924;-343568957;1558894317;1276613028;1431037386;1768351021;-309735242;-221450451;-970707593;-919069279;2052105848;-544591683;1546074586;1138695788;-2055542994;-1139820948;270403373;1947976245;-984368338;1128022336;-938672596;1407510900;1046149006;1248988351;413847580;-1319124956;-1826782269;389770693;-426078450;1561930422;1400632714;-23459176;1912112740;-1321955767;996443914;1317601337;-239233132;2093115416;1773390650;-1846834948;-764076244;-1163630541;-448674688;279378010;-1728207339
1851212186;-901767162;-2033392869;-2114211675;-400448319;776041021;1572065452;1761756432;1182365963;875591010;-39331105;-571792362;850557456;-1305584439;1273129400;429209139;-1133383216;-2033657134;-1611117654;718134063;-1007513388;1161658426;1570686044;254561168;401286290;348339373;-252951633;1857887567;-457191403;-1332554594;-482408192;865394639;1392224989
