1244,15809,1005,15594,4030,2476,19809,386,12980,7493,18530,4671,19558,11382,7084,14362,17009,8986,10012,15747,NA,11179,NA,12313,2329,3009,1404,NA,17098,4102,8761,1268,7572,7540,6837,17429,4354,18133,NA,18183,4054,7636,19393,14799,10133,18999,14624,14258,6036,18720,2532,11608,8535,17892,16003,6565,NA,62,15038,2143,2662,12832,19202,13356,17244,11287,9151,5342,17406,14917
19648,7097,16210,16204,7641,5312,4308,8479,1988,8864,5227,15657,NA,17958,NA,10795,10934,2531,8846,10424,7449,3230,3505,11847,3921,1060,4436,9588,18367,6792,11527,18352,NA,19184,NA,2879,16243,8145,15273,9417,7436,9216,3034,1399,3233,1310,10213,18149,16384,12061,16562,14852,6416,17598,1187,19248,9513,9017,13126,11098,19602,4643,4245,13122,10925,NA,3954,6586,16363,11993,6747,14725,1309,14991,13318,10357,15048,10465
6720,13426,9565,12488,13229,7605,2788,7106,16316,12185,13923,5083,5417,11617,4851,15221,1814,NA,18116,18977,5371,17531,9208,12951,2665,14213,19793,8253,5078,6351,10307,17141,19293,9008,1983,13248,1901,9731,10798,17815,12817,6778,NA,6315,11910,NA,513,7364,14714,10214,8699,9648,2592,1938,5969,2484,5111,10735,10731,6486,16089,1800,7450,15204,3142
1850,15592,17641,2531,2397,19087,10761,1854,19024,19174,7480,8413,5524,19248,10635,11199,4243,6361,4126,16341,4800,14637
14637,892,9009,3730,15755,15392,4120,12449,5562,9411,5660,6017,1458,NA,19829,7390,943,13546,9418,6803,4301,7721,786,16691,5635,2038,11271,16964,14149,18730,11890,NA,13449,5581,19654,8731,5489,1028,NA,11736,7683,NA,3693,13331,12886,12731,3908,15578,13879,10104,5701,8868,8616,3152,990
19629,12396,5060,8730,6629,3709,16610,5730,17471,13178,10631,19851,6252,1935,10725,2922,179,849,11469,17836,NA,19099,5456,11011,3725,16257,17873,11336,14011,14434,5431,18433,11132,5934,8214,8799,1273,19722,7412,16279,10974,7435,11749,15548,5983,19733,9428,10363,NA,9666,6796,14873,15040,5428,12200,8962,16714,5913,15051,6082,2331,15438
2091,18620,19402,10555,13483,8954,1590,14992,927,6132,10437,14810,10448,18214,10415,16499,19826,18281,1445,4282,16723,NA,19209,13382,19424,18431,19400,6597,4841,3
16478,18887,12900,11593,8021,11212,2703,10957,4809,3748,2473,4084,18814,6546,7864,3187,11188,9493,3723,1729,NA,15737,19726,7596,16278,17220,8140,6184,13211,18249,10386,3196,4323,15686,9483,10503,1013,16864,2002,8923,6931,15711,17339
7894,14024,17439,2974,9506,12727,17696,7144,11495,14420,9033,17080,NA,10299,10280,11510,7563,7423,6163,14926,805,7342,3558,13256,18516,17097,9089,10106,4766,18293,10871,13087,13576,16944,12897,19417,17552,10293,3628,NA,19897,14057,13864,16604,16769,3668,8049,1949,1619,16290,3944,7883,9711,4745,15252,13356,1440,636,7054,15448,NA,1079,18140,18048,16849,3674,1601,7336
893,10134,3143,13848,11501,9264,12728,772,3078,17159,1515,17072,15098,18189,16873,8146,11980,19539,NA,7290,7668,15067,2033,9404,16380,17786,7285,6259,18130,17860,16872,12483,6681,536,16940,5454,14253,570,12322,10692,NA,8785,NA,18426,8367,NA,15071,5698,10810,15901,1786,18091,18220,7256,14303,NA,7122,14311,NA,17132,2616,10515,13346,17784,14259
4391,17707,10303,5788,19824,19882,18539,12833,3060,3094,9924,NA,7595,16841,15202,5050,13254,3642,8254,9438,18225,14556,12276,8283,9376,16904,3885,12531,15340,2320,17813,5862,5302,19513,16795,NA,10897,9179,17038,14131,7282,1273,572
17009,16164,7331,10625,1735,18021,8393,17414,5832,11492,10715,4735,2581,3497,11610,16424,14190,14488,14777,13030,12877,18620,19548,5362,5492,17350,12167,15997,7123,9329,11144,8055,13988,12916,1430,4359,902,4537,5582,12358,14560,5312,18133,15801,6898,17870,13227,1540,19414,261,3737,NA,16882,3956,11259,8154,10777,7796,NA,8963,3645,3049,18517,473,6776,7317
5042,9920,15315,17491,3266,10425,16072,1480,19377,11116,1523,8602,12048,1957,16247,10505,19236,11565,3275,1683,14956,19805,14691,18804,12747,5213,13956,9801,10657
12896,8695,11691,16071,10107,4386,15230,17460,10605,8017,3989,15859,5287,1163,4914,17346,7702,15199,3856,5676,18139,8600,5552,19896,7640,NA,16735,1516,16325,NA,17269,7788,15751,9516,16855,14352,14339,8008,19781,7964,7049,NA,9930,7188,12992,15310,NA,10225,1029,17787,2390,7378,121,18222,18217,5731,16479,3535,17969,4791,10468,601,7011,7880,11603,NA,16151,17288,8181,8437,3817,7332,6368,8993,11734,19672,14632,8361,5142
18132,12588,1816,16295,2016,19952,16185,12745,12668,11178,19962,6563,2885,11368,15398,15613,15740,11266,2286,19444,19239,18551,5465,18256,1896,19075,NA,18180,13190,4824,8814,12775,19860
4565,14948,325,5582,9923,12481,16077,236,9052,19385,12181,6606,7719,3168,10922,5342,17722,7031,10258,9142,12032,235,12555,15034,11149,35,19636,13691,10895,NA,8357,6217,18343,11928,7664,2552,NA,2697,NA,18616,15035,6058,19718,10207,9594,NA,18828,11488,19570,11051,4752,1832,6625,NA,12488,13268,17042,16610,748,9958,8796,2606,9077
19032,8091,816,14093,1612,19040,2246,7112,6751,1655,5875,15223,15515,15010,12417,716,5623,1841,11176,11043,116
6967,16635,4028,5892,4635,8376,16962,3496,11261,1852,15267,13309,NA,3300,17849,7503,350,603,6955,5128,5827,1671,1685,18543,6018,5489,2347,16079,1104,19188,16375,NA,10471,14324,3675,11838,4208,14934,9740,5874,10593,15229,5624,9205,18133,5104,8242,10977,4868,12464
8654,16540,1123,9211,7240,5936,13333,53,14519,1737,13428,3202,4651,9482,NA,511,3128,10270,6596,8125,2395,12314,4916,7299,2535,19320,259,8197,4291,443,11591,3008,NA,10976,8146,6013,212,3509,2734,19104,12888,18,NA,3223,1692,6622,13081,7856,5995,19238,11261,19451,19393,11767,4330,8567
8597,19073,10567,16117,435,1098,10863,13932,3992,2588,14189,8826,3835,NA,14292,9593,4733,18476,438,8234,15528,NA,3686,16773,9553,2866,19490,NA,5252,4972,14308,16621,15574
14920,5931,141,7836,7589,17480,3509,16575,4187,3617,5900,14797,12514,6114,13682,NA,520,7607,8980,13734,9526,NA,4202,12214,12850,15517,6634,7704,18778,11413,16799,14968
10549,19474,16943,12577,6839,17100,13080,5896,19471,6430,17161,11311,17114,16934,8284,12364,14104,6321,8914,4835,2171,1603,12511,2127,5144,2624,16603,555,13494
16356,2820,13715,3745,15306,18613,11063,5026,18621,6491,2325,19939,8321,17922,5067,NA,17120,7775,5357,19435,16190,18902,8799,2722,14315,15358,12980,2633,4622,9432,6199,3942,19497
9344,7672,14305,12157,13618,8034,29,5962,8728,11864,3096,3098,7549,11664,4425,1323,12759,3975,7102,3977,13576,17684,11611,262,9214,12175,17596,16681,NA,15156,13248,10115,6865,12351,16571,7445,18976,10910,4968,3783,17358,4606,11528,15859,3980,12081,12095,6397,5689,8416,7013,12884,15854,3818,7799,6882,512,14703,12179,5955,2035,7282,1069,19285,3347,10470,13244,5120,11341,9007
5939,7638,5722,12478,6158,10587,10214,6019,4197,19621,2955,11329,10509,12508,9821,3977,16458,NA,16741,1106,13072,13176,14955,NA,5325,19405,19440,18053,19113,3188,16300,3434,19652,2957,6769,14942,13460,19993,19136,11442,8734,15902,8174,8024,15134,6311,12004,9050,2375,18329,8349,15549,6314,3192,NA,13724,19277,14725,13889,15669,8698,17857,13114,12210,NA,8167,11378,7745,18609,19853,13231,12622,6966
9391,4352,15884,4076,9208,15053,8333,5056,3979,15447,7085,5183,1938,8766,1795,13895,1753,16710,12645,12969,5518,17626,9850,16512,5882,17994,10841,18838,7150,612,1077,16345,5588,12169,4450,8186,11866,18868,15532,NA,4064,18973,NA,15118,545,8967,13715,16362,19008,3867,9723,14940,18656,12928,7482,17180,16460,19934,11342,19154,4137,13605,17595,9389,1066,15641,19656,2702,47,4188,5479,10449,17100,13294,9327,13204,7755,2076,4486
3635,4657,2279,16427,16706,4913,10263,11798,3473,18389,7604,9742,3811,NA,1715,14058,8617,8162,10852,7400,9481,15117,14695,5113,NA,8380,13091,11928,7966,16824,9771,13203,5167,15715,NA,6967,14194,15532,9236,8170,8512,928,18447,4364,13503,NA,15521,3659,14929,1678,NA,16935,14689,9298,17423,7173
17795,1469,2895,12424,17253,1139,3860,4436,15312,7430,3892,17635,9127,4986,11271,NA,7262,NA,4362,16990,7422,2864,16402,4373,3416,5695,217,17250,966,11451,17149,1317,934,7071,19475,12840,7974,17560,NA,9586,5489,4026,2971,17375,3427
1082,17701,14699,1067,4247,5098,8837,16757,16132,4351,3587,9128,5728,15303,16839,8032,NA,18239,12256,15690,8053,12713,2290,17494,13983,12442,3367,NA,1962,3889,8721,12701,3752,14282,9060,10246,3474,16586,12007,2079,18940,18590,16058,16331,1503,18970,2981,NA,17004,14734,5190,1045,7216,1569,9898,8622,13597,197,12305,14005,14947,14204,14894
17423,12123,4072,17589,5125,12121,12599,16067,16690,15953,2142,13919,2841,14197,15199,2786,769,10915,10819,11098,14641,12157,2333,10110,12764,8391,6492,10350,NA,13059,7870,1736,18215,14843,16582,7841,2806,7795,16400,17816,11246,NA,10692,3650,19756,428,13054,16061,4032,NA,6203,7018,6075,240,NA,19177,347,16838,3164,7177,15750,6483,15017,1031,11787,11741,12716,13577,16228,6147,6606,9674,14840,5774,16873,12995
298,11973,19170,18476,13145,1449,3014,67,6607,6598,7224,18634,5657,1497,6568,10599,16149,13566,2197,7306,14842,6998,NA,17525,2529,11054,11088,18357,2765,15126,13457,9456,3766,NA,12282,NA,16766,16990,6271,14746,4461,9687,4644,12345,19199,10036,19824,13940,16349,11761,9003,18305,3146,NA,256,9400,14864,5472,6483,5692,15007,10872,18940,15501,1415,NA,19044,14612,5316,4893,16690,12250,14136,7254
4023,14052,3581,14244,11480,8066,11099,5438,12560,97,12713,8393,14102,9986,10737,19640,15681,8779,NA,8890,2667,16035,6489,14559,1789,10344,1296,18321,12832,12413,6877,NA,15460,19673,19994,190,5587,1680,10172,NA,4819,13368,17483,9262,201,5476,12517,4300,2567,NA,7439,13093,13373,19295,9578,NA,5801,14547,18463,6480,8660,473,13622,NA,5719,12067,4190,4071,18689,NA,8287,81,8048,2114,5272,13546,13108
16874,2644,18491,15168,2991,11937,13362,18071,12683,3445,4798,13849,NA,16159,7180,15923,17924,18857,19745,NA,17443,11322,10801,NA,11499,8034,12476,18440,12249,758,3132,3299,14232,18040,12460,5310
3294,913,2728,11087,5758,3282,4149,18845,12019,9566,14215,9691,15717,7661,5755,12511,5622,15710,3647,5613,12403,NA,9068,15742,1403,6660,17201,NA,10305,15274,2367,5824,NA,1515,13764,12828,1680,7183,2569,18089,12023,14135,18436,15706,9063,NA,17592,16822,15934,12162,1141,1623,8946
12429,17462,7285,16698,7754,12013,7151,9299,12434,5972,5346,482,NA,1716,4566,14277,17583,NA,14986,2324,12754,13665,17130,2691,7708,3040
1033,5177,9073,3661,1311,1637,2258,15076,19852,14368,11051,4856,16284,10882,4505,17562,12630,3888,NA,8474,7971,5511,11256,16537,4779,3940,9376,1120,10152,19751,3272,4048,13922,11144,13201,NA,5345,10428,7923,519,3973,18062,15580,11159,13745,6771,17240,NA,19668,11137,18750,19154,5554,19223,15443,3901,15065,12701,17591,16263
4063,16027,6629,9482,12665,9186,10274,2597,9213,4536,267,3938,9138,NA,11990,9102,4444,18077,17361,6372,12590,9866,1901,16874,1536,19206,16514,NA,5906,4840,14837,6250,10753,NA,11163,14609,361,16896,4243,17515,18395,12872,NA,17379,6889,13992,13648,14162,5063,12612
8673,7345,17430,13241,13666,10012,6424,10010,10806,12222,5992,16606,1652,6859,NA,6611,13008,16679,4194,5319,NA,2241,4547,10517,8827,10664,17449
6092,14218,2664,11220,10457,5365,7505,6781,15924,17532,3209,14653,8579,9722,9178,NA,525,19607,5589,11800,17453,17431,3899
15465,1521,11186,15061,11342,15445,13937,15047,18588,19201,7207,17724,8954,10136,5465,15790,6761,17826,6865,1531,17653,18146,17782,414,5064,9395,1808,1745,8414,7299,16732,5150,6854,3088,13963
9389,15229,16043,10255,16177,18738,3880,18827,6878,10368,10330,10763,4886,NA,123,18595,12164,17161,15830,19714,18487,13285,5723,15656,1296,433,19822,5233,11487,12550,15825,NA,17417,11290,5029,4923,12464,1796,12714,11169,8293,NA,853,8604,952,4849,NA,11407,6868,19597,15865,19697
15249,7977,13754,18436,6896,18568,5608,9628,12254,5039,16779,12168,16753,15306,3196,7923,3962,9430,3446,2773,8744,18040,16920,7758,13812,2830,14763,624,7675,NA,9364,6294,17635,17832,8134,821,16748,776,3389,13236,9170
1295,9624,7809,13051,9025,8504,10874,8428,19696,13404,13593,NA,3604,15058,1270,7235,14255,2905,17222,18426,2515
16654,837,17485,2734,701,16376,5540,10533,19408,5777,10459,19773,1477,8990,NA,13471,5051,9980,7970,1894,11888,19274,7306,15780,6759,2742,6156,4345,11598,NA,816,1649,14148,13117,5468,14278,10082,10205,13924,10177,5723,15504,16260,3115,9610,5680,17591,18467,6624,16881,10485,6935,13009,15117,4429,16645,13210,15102,3087,14785,14085,15420,11252,16877,11246
4787,15420,10123,16181,10971,4452,620,8922,2273,17920,11211,15088,17633,NA,14228,14998,11493,11835,17223,3026
18101,5237,13533,17662,5189,12062,17586,11184,4528,4360,17530,10013,13392,3987,5033,7757,16608,2063,4718,4975,1673,8532,NA,13291,16462,13646,763,6038,15356,19395,7372,11032,10278
10775,16500,17030,8583,10740,11020,3484,1906,11262,12609,1724,8909,16371,313,2321,5023,3251,10519,3002,5778,150,3457,NA,11370,NA,13083,15355,10294,1476,19905,17563,14524,11291,6715,19336,2344,NA,17707,4984,6309,18745,10260,2362,16093,10884,6973,2597,12127,9144,15721,12766,7548,10409,12690,2204,8034,18382,3546,13626,1011,10040,18232,15298,4872,13894,3552,1767,18740,1178,8408
978,10140,4712,17589,4019,8382,11718,17551,2959,12750,6877,3451,NA,10745,13603,10557,19650,1008,NA,12331,4950,6561,12748,6670,5832,1320,14996,4794,19036,19369,604,232,NA,13404,3183,NA,12151,4632,14868,2610,19174,1505,10832,1870,15955,7101,10495,4219,NA,18100,11057,12170,5488,7263,NA,2428,3004,18281,6393,3100,2975,5734
4318,1509,16092,4861,1874,7841,5803,4683,7828,12496,6587,19722,3921,9637,16150,2267,9487,16896,14693,7056,410,7763,18822,15276
15504,19392,1514,5310,2391,5484,4094,6530,13174,17805,5846,10165,5539,14056,NA,1670,NA,10112,9299,7918,1189,7829
7944,1600,4485,12737,10600,7757,19415,12159,4875,5525,9405,221,NA,14114,NA,5069,17481,15236,NA,4094,12587,NA,3278,7235,18801,1260,7022,13435,8686,5493,NA,5838,778,7098,19930,5776,2942,NA,17987,14502,18122,7792,7794,13083,19446
3771,16353,569,16370,11359,88,3097,3535,2541,16874,896,2265,14980,10885,17725,18472,11905,11343,NA,18999,6252,NA,11903,9574,1953,3443,2678,16976,13419,3402,10128,5730,13056,16737,19120,3459,NA,7209,8281,14698,1615,3996,9437,12627,3784,6368,11565,13656,10756,5724,3833,11033,14252,12681,176,7298,6876,NA,13697,18307,16959,1584,9007,7857,12239,7470,19925
12400,14733,8736,15349,8141,17433,18193,6848,3252,18819,955,11208,13325,16817,13633,1666,12006,641,1476,5873,8823,7832,17263,16518,12586,19008,9540,2107,11565,14463,12235,11596,8467,4215
16702,3404,2032,11960,9930,15968,2150,12158,17985,15157,16516,4540,12596,11745,5382,2196,9866,3213,4489,5189,3400,10914,16744,772,8715,8193,8966,11971,6,NA,12801,1760,430,9511,17803,6760,11279,4510,NA,10231,4725,6514,9740,5254,13067,15481,NA,9038,9177,10961,12232,19730,NA,5018,9047,15085,7380,NA,3461,13557,16813,7707,1184,2968,5859,11394,621,6874,15722,NA,6852,9589,809,198,15529,8908,13235
2916,3680,19109,1606,4480,307,10401,15327,10268,9360,3327,721,8290,9441,2413,8978,10237,15506,18147,9565,5183,7665,6327,8998,14008,8630,8285,12644,9592,NA,571,NA,8932,6124,11506,9086,11906,1150,253,14137,12794,13009,16254,19047,3098,7863,2806,1119,19404,5896,17903,12564,17912,13347,9889,2840,NA,16039,14423,3510,841,NA,9841,12377,12007,2338,19073,17922
18185,2531,12643,10521,8280,19517,6955,18656,11261,14605,5872,8925,5959,125,5058,6581,1013,3799,12603,13519,6969,11693,9544,18783,9827,15015,10411,6828,10207,18057,2574,10297,12837,16246,10069,16404,16692,NA,19146,1859,10317,12528,17652,1660,NA,18729,6627,1814,13918,17097,NA,19146,6682,19016,6850,14114,14626,8794,17498
9033,2388,14428,12338,3228,2342,7234,15666,7980,11049,9421,NA,1725,NA,8400,15311,592,13930,7051,11942,13350,6708,10038,10943,17653,9662,12993,5307,18853,8953,4468,17420,18075,8333,NA,7391,7442,3582,6544,19346,3361,264,10821,3721,4778,4659,NA,19806,NA,13269,10080,3049,12336,17288,10234,NA,3288,6539,13049,17861,3688,8574,5160,NA,2704,15635,16125,14030,3536,16925
18295,16731,1696,6110,19497,3077,8113,14836,10326,14545,7560,10619,4470,NA,14632,10816,515,1319,13482,8658,15043,NA,1559,5249,16778,12689,12799,3777,NA,6880,11583,16555,6871,9787,3654,NA,16117,15309,14816,12436,3206,4646,1312,NA,5445,11022,10478,7592,8421,10634,4880,4202,1451,4712,694,7097,10475,16451,9862,16026,10991,7637,14156,7171,12715,12472,16245,8182
12909,1509,6435,9234,17165,4920,12476,1834,2535,724,1925,15701,2727,13925,15810,10933,15769,4645,2687,NA,2338,5604,4444,1179,7515,9527,2263,10212
8657,8320,11183,6755,1706,17288,7166,19629,759,16252,18200,8270,9992,4466,3532,2621,-1,6282,14017,NA,6463,12135,2682,2022,19112,NA,16761,13288,13621,14302,NA,6899,17552,7731,4180,9345,16713,12423,9388,NA,8663,3213,NA,16861,10832,4168,4288,6887,2949,19286,12956,8454,7606,904,15786,12663,14776,7476,10865,13938
17201,16600,5379,535,17041,7408,13374,19195,258,2771,9220,16283,7541,6209,NA,11826,14673,NA,911,15172,3401,8255,8293,16072,18766,17271,16418,7000,11189,15633,19986,10160,11547,5191,17553,12694,976,18571,10882,1292,18860,18743,2568,85,4472,4859,8658,5397,6979,15291,14174,19307,8684,15511,8103,9387,13734,7007,11427,NA,1420,10329,906,15357,8954,8948,6326,17868,8148
1409,2777,18965,14309,6230,11488,10677,16842,15428,9537,14956,19442,15377,16013,1137,2168,2741,16256,12613,3994,3207,12685,19956,7956,15289,910,16529,17442,NA,6851,19951,12200,12989,19542,10633,1572,18633,3346,4255,11509
19701,17858,14082,17442,18746,9480,5580,8333,11045,11983,19450,NA,16,12752,5034,12702,14630,19758,9469,5568,11009,6735,7655,10763,7378,15272,2209,8651,3195,12917,16730,10941,3622,15862,6610,19005,12789,9663,5663,NA,14803,12623,18548,7845,5791,4728,887,3047,14941,3481,166,10899,3523,16966,14200
326,4336,7291,961,10380,5590,12261,18410,10346,17924,10508,1209,14076,13380,10177,16886,2739,14438,8143,13198,6163,2193,13399,7547,10423,13668,16023,18437,8749,15530,676,1501,6497,19591,9958,1904,10170,726,1273,15727,12096,17710,NA,5667,2598,15746,4979,12021,16444,13411
15085,15526,5474,17322,2308,7657,8929,479,17250,14760,13462,17663,12807,8049,516,84,10018,3090,9980,13421,7537,NA,8006,8779,17906,11896,2924,8989,NA,13130,1186,4337,2424,13092,16849,14132,18225,4893,14580,6378
19001,15117,11119,502,15166,7142,17668,14779,6407,1641,5174,4998,11546,3033,5075,NA,4537,16269,11909,14897,14686,13453,NA,14738,14812,17702,14133,19289,18349,9849,8385,9903,10574
18527,1256,5880,1876,18216,19937,9006,3445,5757,17456,716,6464,5443,10780,9209,19019,8354,12433,19065,15466,5690,12174,NA,6999,1063,15642,4406,19058,10838,15969,19382,13478,18425,9655,11210,11986,8430,15587,6575,4346,9526,11646,6683,NA,16457,1671,14523,2025,2960,14232,4358,19246,3283,17781,14830,9463
14264,16695,18737,5287,16537,15306,11580,15927,6678,19121,13654,17425,4004,12320,7136,9674,5966,2640,19729,11907,18900,15928,12905,11000,6043,10354,14748,3968,8156,NA,12234,12666,17169,13830,9902,17874
404,2990,18883,4897,8324,12879,15278,3239,4310,8078,3426,903,14819,12054,6227,NA,18814,19340,440,13903,14873,17626,NA,8830,6579,18172,17740,11782,15564,10008,14740
5924,14539,11121,14633,852,4661,15300,11733,3565,5159,15952,11777,7242,6594,4392,7713,19211,609,8275,3367
6970,4740,8094,16091,2668,19386,11301,15932,12729,1642,16866,2287,7094,18684,10502,18205,13855,6668,11716,4070,10525,13440,18264,3865,5080,6768,12468,5028,16291,4721,2197,11387,17791,860,15632,18321,8280,10262,10768,NA,7311,2441,10004,3854,12948,9064,3995,4646,13437,659
6393,10645,10716,5362,8436,4968,7260,5981,19253,14469,14007,7794,5909,16001,14075,NA,11220,7447,2078,14017,139,19530
