15809.0,15594.0,19809.0,12980.0,7493.0,18530.0,4671.0,19558.0,11382.0,7084.0,14362.0,17009.0,8986.0,10012.0,15747.0,13463.0,11179.0,11746.0,12313.0,9251.0,17098.0,4102.0,8761.0,7572.0,7540.0,6837.0,17429.0,4354.0,18133.0,18158.0,18183.0,7636.0,19393.0,14799.0,10133.0,18999.0,14624.0,14258.0,6036.0,18720.0,11608.0,8535.0,17892.0,16003.0,6565.0,15038.0,12832.0,19202.0,13356.0,17244.0,11287.0,9151.0,5342.0,17406.0,14917.0,
19648.0,7097.0,16210.0,16204.0,7641.0,5312.0,4308.0,8479.0,8864.0,5227.0,15657.0,16807.5,17958.0,14376.5,10795.0,10934.0,8846.0,10424.0,7449.0,11847.0,4436.0,9588.0,18367.0,6792.0,11527.0,18352.0,18768.0,19184.0,11031.5,16243.0,8145.0,15273.0,9417.0,7436.0,9216.0,10213.0,18149.0,16384.0,12061.0,16562.0,14852.0,6416.0,17598.0,19248.0,9513.0,9017.0,13126.0,11098.0,19602.0,4643.0,4245.0,13122.0,10925.0,7439.5,6586.0,16363.0,11993.0,6747.0,14725.0,14991.0,13318.0,10357.0,15048.0,10465.0,
6720.0,13426.0,9565.0,12488.0,13229.0,7605.0,7106.0,16316.0,12185.0,13923.0,5083.0,5417.0,11617.0,4851.0,15221.0,9965.0,18116.0,18977.0,5371.0,17531.0,9208.0,12951.0,14213.0,19793.0,8253.0,5078.0,6351.0,10307.0,17141.0,19293.0,9008.0,13248.0,9731.0,10798.0,17815.0,12817.0,6778.0,6546.5,6315.0,11910.0,6211.5,7364.0,14714.0,10214.0,8699.0,9648.0,5969.0,5111.0,10735.0,10731.0,6486.0,16089.0,7450.0,15204.0,
15592.0,17641.0,19087.0,10761.0,19024.0,19174.0,7480.0,8413.0,5524.0,19248.0,10635.0,11199.0,4243.0,6361.0,4126.0,16341.0,4800.0,14637.0,
14637.0,9009.0,15755.0,15392.0,4120.0,12449.0,5562.0,9411.0,5660.0,6017.0,10643.5,19829.0,7390.0,13546.0,9418.0,6803.0,4301.0,7721.0,16691.0,5635.0,11271.0,16964.0,14149.0,18730.0,11890.0,12669.5,13449.0,5581.0,19654.0,8731.0,5489.0,6382.0,11736.0,7683.0,5688.0,13331.0,12886.0,12731.0,15578.0,13879.0,10104.0,5701.0,8868.0,8616.0,
19629.0,12396.0,5060.0,8730.0,6629.0,16610.0,5730.0,17471.0,13178.0,10631.0,19851.0,6252.0,10725.0,11469.0,17836.0,18467.5,19099.0,5456.0,11011.0,16257.0,17873.0,11336.0,14011.0,14434.0,5431.0,18433.0,11132.0,5934.0,8214.0,8799.0,19722.0,7412.0,16279.0,10974.0,7435.0,11749.0,15548.0,5983.0,19733.0,9428.0,10363.0,10014.5,9666.0,6796.0,14873.0,15040.0,5428.0,12200.0,8962.0,16714.0,5913.0,15051.0,6082.0,15438.0,
18620.0,19402.0,10555.0,13483.0,8954.0,14992.0,6132.0,10437.0,14810.0,10448.0,18214.0,10415.0,16499.0,19826.0,18281.0,4282.0,16723.0,17966.0,19209.0,13382.0,19424.0,18431.0,19400.0,6597.0,4841.0,
16478.0,18887.0,12900.0,11593.0,8021.0,11212.0,10957.0,4809.0,18814.0,6546.0,7864.0,11188.0,9493.0,8733.0,15737.0,19726.0,7596.0,16278.0,17220.0,8140.0,6184.0,13211.0,18249.0,10386.0,4323.0,15686.0,9483.0,10503.0,16864.0,8923.0,6931.0,15711.0,17339.0,
7894.0,14024.0,17439.0,9506.0,12727.0,17696.0,7144.0,11495.0,14420.0,9033.0,17080.0,13689.5,10299.0,10280.0,11510.0,7563.0,7423.0,6163.0,14926.0,7342.0,13256.0,18516.0,17097.0,9089.0,10106.0,4766.0,18293.0,10871.0,13087.0,13576.0,16944.0,12897.0,19417.0,17552.0,10293.0,11762.5,19897.0,14057.0,13864.0,16604.0,16769.0,8049.0,16290.0,7883.0,9711.0,4745.0,15252.0,13356.0,7054.0,15448.0,8263.5,18140.0,18048.0,16849.0,7336.0,
10134.0,13848.0,11501.0,9264.0,12728.0,17159.0,17072.0,15098.0,18189.0,16873.0,8146.0,11980.0,19539.0,13414.5,7290.0,7668.0,15067.0,9404.0,16380.0,17786.0,7285.0,6259.0,18130.0,17860.0,16872.0,12483.0,6681.0,16940.0,5454.0,14253.0,12322.0,10692.0,9738.5,8785.0,13605.5,18426.0,8367.0,11719.0,15071.0,5698.0,10810.0,15901.0,18091.0,18220.0,7256.0,14303.0,10712.5,7122.0,14311.0,15721.5,17132.0,10515.0,13346.0,17784.0,14259.0,
4391.0,17707.0,10303.0,5788.0,19824.0,19882.0,18539.0,12833.0,9924.0,8759.5,7595.0,16841.0,15202.0,5050.0,13254.0,8254.0,9438.0,18225.0,14556.0,12276.0,8283.0,9376.0,16904.0,12531.0,15340.0,17813.0,5862.0,5302.0,19513.0,16795.0,13846.0,10897.0,9179.0,17038.0,14131.0,7282.0,
17009.0,16164.0,7331.0,10625.0,18021.0,8393.0,17414.0,5832.0,11492.0,10715.0,4735.0,11610.0,16424.0,14190.0,14488.0,14777.0,13030.0,12877.0,18620.0,19548.0,5362.0,5492.0,17350.0,12167.0,15997.0,7123.0,9329.0,11144.0,8055.0,13988.0,12916.0,4359.0,4537.0,5582.0,12358.0,14560.0,5312.0,18133.0,15801.0,6898.0,17870.0,13227.0,19414.0,10309.5,16882.0,11259.0,8154.0,10777.0,7796.0,8379.5,8963.0,18517.0,6776.0,7317.0,
5042.0,9920.0,15315.0,17491.0,10425.0,16072.0,19377.0,11116.0,8602.0,12048.0,16247.0,10505.0,19236.0,11565.0,14956.0,19805.0,14691.0,18804.0,12747.0,5213.0,13956.0,9801.0,10657.0,
12896.0,8695.0,11691.0,16071.0,10107.0,4386.0,15230.0,17460.0,10605.0,8017.0,15859.0,5287.0,4914.0,17346.0,7702.0,15199.0,5676.0,18139.0,8600.0,5552.0,19896.0,7640.0,12187.5,16735.0,16325.0,16797.0,17269.0,7788.0,15751.0,9516.0,16855.0,14352.0,14339.0,8008.0,19781.0,7964.0,7049.0,8489.5,9930.0,7188.0,12992.0,15310.0,12767.5,10225.0,17787.0,7378.0,18222.0,18217.0,5731.0,16479.0,17969.0,4791.0,10468.0,7011.0,7880.0,11603.0,13877.0,16151.0,17288.0,8181.0,8437.0,7332.0,6368.0,8993.0,11734.0,19672.0,14632.0,8361.0,5142.0,
18132.0,12588.0,16295.0,19952.0,16185.0,12745.0,12668.0,11178.0,19962.0,6563.0,11368.0,15398.0,15613.0,15740.0,11266.0,19444.0,19239.0,18551.0,5465.0,18256.0,19075.0,18627.5,18180.0,13190.0,4824.0,8814.0,12775.0,19860.0,
4565.0,14948.0,5582.0,9923.0,12481.0,16077.0,9052.0,19385.0,12181.0,6606.0,7719.0,10922.0,5342.0,17722.0,7031.0,10258.0,9142.0,12032.0,12555.0,15034.0,11149.0,19636.0,13691.0,10895.0,9626.0,8357.0,6217.0,18343.0,11928.0,7664.0,10656.5,18616.0,15035.0,6058.0,19718.0,10207.0,9594.0,14211.0,18828.0,11488.0,19570.0,11051.0,4752.0,6625.0,9556.5,12488.0,13268.0,17042.0,16610.0,9958.0,8796.0,9077.0,
19032.0,8091.0,14093.0,19040.0,7112.0,6751.0,5875.0,15223.0,15515.0,15010.0,12417.0,5623.0,11176.0,11043.0,
6967.0,16635.0,5892.0,4635.0,8376.0,16962.0,11261.0,15267.0,13309.0,8304.5,17849.0,7503.0,6955.0,5128.0,5827.0,18543.0,6018.0,5489.0,16079.0,19188.0,16375.0,13423.0,10471.0,14324.0,11838.0,4208.0,14934.0,9740.0,5874.0,10593.0,15229.0,5624.0,9205.0,18133.0,5104.0,8242.0,10977.0,4868.0,12464.0,
8654.0,16540.0,9211.0,7240.0,5936.0,13333.0,14519.0,13428.0,4651.0,9482.0,4996.5,10270.0,6596.0,8125.0,12314.0,4916.0,7299.0,19320.0,8197.0,4291.0,11591.0,6992.0,10976.0,8146.0,6013.0,19104.0,12888.0,6622.0,13081.0,7856.0,5995.0,19238.0,11261.0,19451.0,19393.0,11767.0,4330.0,8567.0,
8597.0,19073.0,10567.0,16117.0,10863.0,13932.0,14189.0,8826.0,9063.5,14292.0,9593.0,4733.0,18476.0,8234.0,15528.0,9607.0,16773.0,9553.0,19490.0,12371.0,5252.0,4972.0,14308.0,16621.0,15574.0,
14920.0,5931.0,7836.0,7589.0,17480.0,16575.0,4187.0,5900.0,14797.0,12514.0,6114.0,13682.0,7101.0,7607.0,8980.0,13734.0,9526.0,6864.0,4202.0,12214.0,12850.0,15517.0,6634.0,7704.0,18778.0,11413.0,16799.0,14968.0,
10549.0,19474.0,16943.0,12577.0,6839.0,17100.0,13080.0,5896.0,19471.0,6430.0,17161.0,11311.0,17114.0,16934.0,8284.0,12364.0,14104.0,6321.0,8914.0,4835.0,12511.0,5144.0,16603.0,13494.0,
16356.0,13715.0,15306.0,18613.0,11063.0,5026.0,18621.0,6491.0,19939.0,8321.0,17922.0,5067.0,11093.5,17120.0,7775.0,5357.0,19435.0,16190.0,18902.0,8799.0,14315.0,15358.0,12980.0,4622.0,9432.0,6199.0,19497.0,
9344.0,7672.0,14305.0,12157.0,13618.0,8034.0,5962.0,8728.0,11864.0,7549.0,11664.0,4425.0,12759.0,7102.0,13576.0,17684.0,11611.0,9214.0,12175.0,17596.0,16681.0,15918.5,15156.0,13248.0,10115.0,6865.0,12351.0,16571.0,7445.0,18976.0,10910.0,4968.0,17358.0,4606.0,11528.0,15859.0,12081.0,12095.0,6397.0,5689.0,8416.0,7013.0,12884.0,15854.0,7799.0,6882.0,14703.0,12179.0,5955.0,7282.0,19285.0,10470.0,13244.0,5120.0,11341.0,9007.0,
5939.0,7638.0,5722.0,12478.0,6158.0,10587.0,10214.0,6019.0,4197.0,19621.0,11329.0,10509.0,12508.0,9821.0,16458.0,16599.5,16741.0,13072.0,13176.0,14955.0,10140.0,5325.0,19405.0,19440.0,18053.0,19113.0,16300.0,19652.0,6769.0,14942.0,13460.0,19993.0,19136.0,11442.0,8734.0,15902.0,8174.0,8024.0,15134.0,6311.0,12004.0,9050.0,18329.0,8349.0,15549.0,6314.0,8458.0,13724.0,19277.0,14725.0,13889.0,15669.0,8698.0,17857.0,13114.0,12210.0,10188.5,8167.0,11378.0,7745.0,18609.0,19853.0,13231.0,12622.0,6966.0,
9391.0,4352.0,15884.0,9208.0,15053.0,8333.0,5056.0,15447.0,7085.0,5183.0,8766.0,13895.0,16710.0,12645.0,12969.0,5518.0,17626.0,9850.0,16512.0,5882.0,17994.0,10841.0,18838.0,7150.0,16345.0,5588.0,12169.0,4450.0,8186.0,11866.0,18868.0,15532.0,9798.0,18973.0,17045.5,15118.0,8967.0,13715.0,16362.0,19008.0,9723.0,14940.0,18656.0,12928.0,7482.0,17180.0,16460.0,19934.0,11342.0,19154.0,4137.0,13605.0,17595.0,9389.0,15641.0,19656.0,4188.0,5479.0,10449.0,17100.0,13294.0,9327.0,13204.0,7755.0,4486.0,
4657.0,16427.0,16706.0,4913.0,10263.0,11798.0,18389.0,7604.0,9742.0,14058.0,8617.0,8162.0,10852.0,7400.0,9481.0,15117.0,14695.0,5113.0,6746.5,8380.0,13091.0,11928.0,7966.0,16824.0,9771.0,13203.0,5167.0,15715.0,11341.0,6967.0,14194.0,15532.0,9236.0,8170.0,8512.0,18447.0,4364.0,13503.0,14512.0,15521.0,14929.0,9306.5,16935.0,14689.0,9298.0,17423.0,7173.0,
17795.0,12424.0,17253.0,4436.0,15312.0,7430.0,17635.0,9127.0,4986.0,11271.0,9266.5,7262.0,5812.0,4362.0,16990.0,7422.0,16402.0,4373.0,5695.0,17250.0,11451.0,17149.0,7071.0,19475.0,12840.0,7974.0,17560.0,13573.0,9586.0,5489.0,17375.0,
17701.0,14699.0,4247.0,5098.0,8837.0,16757.0,16132.0,4351.0,9128.0,5728.0,15303.0,16839.0,8032.0,13135.5,18239.0,12256.0,15690.0,8053.0,12713.0,17494.0,13983.0,12442.0,8721.0,12701.0,14282.0,9060.0,10246.0,16586.0,12007.0,18940.0,18590.0,16058.0,16331.0,18970.0,9992.5,17004.0,14734.0,5190.0,7216.0,9898.0,8622.0,13597.0,12305.0,14005.0,14947.0,14204.0,14894.0,
17423.0,12123.0,17589.0,5125.0,12121.0,12599.0,16067.0,16690.0,15953.0,13919.0,14197.0,15199.0,10915.0,10819.0,11098.0,14641.0,12157.0,10110.0,12764.0,8391.0,6492.0,10350.0,11704.5,13059.0,7870.0,18215.0,14843.0,16582.0,7841.0,7795.0,16400.0,17816.0,11246.0,10969.0,10692.0,19756.0,13054.0,16061.0,5117.5,6203.0,7018.0,6075.0,9708.5,19177.0,16838.0,7177.0,15750.0,6483.0,15017.0,11787.0,11741.0,12716.0,13577.0,16228.0,6147.0,6606.0,9674.0,14840.0,5774.0,16873.0,12995.0,
11973.0,19170.0,18476.0,13145.0,6607.0,6598.0,7224.0,18634.0,5657.0,6568.0,10599.0,16149.0,13566.0,7306.0,14842.0,6998.0,12261.5,17525.0,11054.0,11088.0,18357.0,15126.0,13457.0,9456.0,8024.0,12282.0,14524.0,16766.0,16990.0,6271.0,14746.0,4461.0,9687.0,4644.0,12345.0,19199.0,10036.0,19824.0,13940.0,16349.0,11761.0,9003.0,18305.0,9400.0,14864.0,5472.0,6483.0,5692.0,15007.0,10872.0,18940.0,15501.0,10229.5,19044.0,14612.0,5316.0,4893.0,16690.0,12250.0,14136.0,7254.0,
14052.0,14244.0,11480.0,8066.0,11099.0,5438.0,12560.0,12713.0,8393.0,14102.0,9986.0,10737.0,19640.0,15681.0,8779.0,8834.5,8890.0,16035.0,6489.0,14559.0,10344.0,18321.0,12832.0,12413.0,6877.0,11168.5,15460.0,19673.0,19994.0,5587.0,10172.0,7495.5,4819.0,13368.0,17483.0,9262.0,5476.0,12517.0,4300.0,5003.0,7439.0,13093.0,13373.0,19295.0,9578.0,7689.5,5801.0,14547.0,18463.0,6480.0,8660.0,13622.0,9670.5,5719.0,12067.0,4190.0,18689.0,13488.0,8287.0,8048.0,5272.0,13546.0,13108.0,
16874.0,18491.0,15168.0,11937.0,13362.0,18071.0,12683.0,4798.0,13849.0,15004.0,16159.0,7180.0,15923.0,17924.0,18857.0,19745.0,18594.0,17443.0,11322.0,10801.0,11150.0,11499.0,8034.0,12476.0,18440.0,12249.0,14232.0,18040.0,12460.0,5310.0,
11087.0,5758.0,4149.0,18845.0,12019.0,9566.0,14215.0,9691.0,15717.0,7661.0,5755.0,12511.0,5622.0,15710.0,5613.0,12403.0,10735.5,9068.0,15742.0,6660.0,17201.0,13753.0,10305.0,15274.0,5824.0,13764.0,12828.0,7183.0,18089.0,12023.0,14135.0,18436.0,15706.0,9063.0,13327.5,17592.0,16822.0,15934.0,12162.0,8946.0,
12429.0,17462.0,7285.0,16698.0,7754.0,12013.0,7151.0,9299.0,12434.0,5972.0,5346.0,4566.0,14277.0,17583.0,16284.5,14986.0,12754.0,13665.0,17130.0,7708.0,
5177.0,9073.0,15076.0,19852.0,14368.0,11051.0,4856.0,16284.0,10882.0,4505.0,17562.0,12630.0,6181.0,8474.0,7971.0,5511.0,11256.0,16537.0,4779.0,9376.0,10152.0,19751.0,13922.0,11144.0,13201.0,9273.0,5345.0,10428.0,7923.0,18062.0,15580.0,11159.0,13745.0,6771.0,17240.0,18454.0,19668.0,11137.0,18750.0,19154.0,5554.0,19223.0,15443.0,15065.0,12701.0,17591.0,16263.0,
16027.0,6629.0,9482.0,12665.0,9186.0,10274.0,9213.0,4536.0,9138.0,10564.0,11990.0,9102.0,4444.0,18077.0,17361.0,6372.0,12590.0,9866.0,16874.0,19206.0,16514.0,11210.0,5906.0,4840.0,14837.0,6250.0,10753.0,10958.0,11163.0,14609.0,16896.0,4243.0,17515.0,18395.0,12872.0,15125.5,17379.0,6889.0,13992.0,13648.0,14162.0,5063.0,12612.0,
8673.0,7345.0,17430.0,13241.0,13666.0,10012.0,6424.0,10010.0,10806.0,12222.0,5992.0,16606.0,6859.0,6735.0,6611.0,13008.0,16679.0,4194.0,5319.0,4547.0,10517.0,8827.0,10664.0,17449.0,
6092.0,14218.0,11220.0,10457.0,5365.0,7505.0,6781.0,15924.0,17532.0,14653.0,8579.0,9722.0,9178.0,4851.5,19607.0,5589.0,11800.0,17453.0,17431.0,
15465.0,11186.0,15061.0,11342.0,15445.0,13937.0,15047.0,18588.0,19201.0,7207.0,17724.0,8954.0,10136.0,5465.0,15790.0,6761.0,17826.0,6865.0,17653.0,18146.0,17782.0,5064.0,9395.0,8414.0,7299.0,16732.0,5150.0,6854.0,13963.0,
9389.0,15229.0,16043.0,10255.0,16177.0,18738.0,18827.0,6878.0,10368.0,10330.0,10763.0,4886.0,18595.0,12164.0,17161.0,15830.0,19714.0,18487.0,13285.0,5723.0,15656.0,19822.0,5233.0,11487.0,12550.0,15825.0,16621.0,17417.0,11290.0,5029.0,4923.0,12464.0,12714.0,11169.0,8293.0,4573.0,8604.0,4849.0,8128.0,11407.0,6868.0,19597.0,15865.0,19697.0,
15249.0,7977.0,13754.0,18436.0,6896.0,18568.0,5608.0,9628.0,12254.0,5039.0,16779.0,12168.0,16753.0,15306.0,7923.0,9430.0,8744.0,18040.0,16920.0,7758.0,13812.0,14763.0,7675.0,8519.5,9364.0,6294.0,17635.0,17832.0,8134.0,16748.0,13236.0,9170.0,
9624.0,7809.0,13051.0,9025.0,8504.0,10874.0,8428.0,19696.0,13404.0,13593.0,8598.5,15058.0,7235.0,14255.0,17222.0,18426.0,
16654.0,17485.0,16376.0,5540.0,10533.0,19408.0,5777.0,10459.0,19773.0,8990.0,11230.5,13471.0,5051.0,9980.0,7970.0,11888.0,19274.0,7306.0,15780.0,6759.0,6156.0,4345.0,11598.0,6207.0,14148.0,13117.0,5468.0,14278.0,10082.0,10205.0,13924.0,10177.0,5723.0,15504.0,16260.0,9610.0,5680.0,17591.0,18467.0,6624.0,16881.0,10485.0,6935.0,13009.0,15117.0,4429.0,16645.0,13210.0,15102.0,14785.0,14085.0,15420.0,11252.0,16877.0,11246.0,
4787.0,15420.0,10123.0,16181.0,10971.0,4452.0,8922.0,17920.0,11211.0,15088.0,17633.0,15930.5,14228.0,14998.0,11493.0,11835.0,17223.0,
18101.0,5237.0,13533.0,17662.0,5189.0,12062.0,17586.0,11184.0,4528.0,4360.0,17530.0,10013.0,13392.0,5033.0,7757.0,16608.0,4718.0,4975.0,8532.0,10911.5,13291.0,16462.0,13646.0,6038.0,15356.0,19395.0,7372.0,11032.0,10278.0,
10775.0,16500.0,17030.0,8583.0,10740.0,11020.0,11262.0,12609.0,8909.0,16371.0,5023.0,10519.0,5778.0,7413.5,11370.0,12226.5,13083.0,15355.0,10294.0,19905.0,17563.0,14524.0,11291.0,6715.0,19336.0,10025.5,17707.0,4984.0,6309.0,18745.0,10260.0,16093.0,10884.0,6973.0,12127.0,9144.0,15721.0,12766.0,7548.0,10409.0,12690.0,8034.0,18382.0,13626.0,10040.0,18232.0,15298.0,4872.0,13894.0,18740.0,8408.0,
10140.0,4712.0,17589.0,8382.0,11718.0,17551.0,12750.0,6877.0,7098.0,10745.0,13603.0,10557.0,19650.0,6669.5,12331.0,4950.0,6561.0,12748.0,6670.0,5832.0,14996.0,4794.0,19036.0,19369.0,6818.0,13404.0,7667.0,12151.0,4632.0,14868.0,19174.0,10832.0,15955.0,7101.0,10495.0,4219.0,11159.5,18100.0,11057.0,12170.0,5488.0,7263.0,4845.5,18281.0,6393.0,5734.0,
4318.0,16092.0,4861.0,7841.0,5803.0,4683.0,7828.0,12496.0,6587.0,19722.0,9637.0,16150.0,9487.0,16896.0,14693.0,7056.0,7763.0,18822.0,15276.0,
15504.0,19392.0,5310.0,5484.0,6530.0,13174.0,17805.0,5846.0,10165.0,5539.0,14056.0,7863.0,5891.0,10112.0,9299.0,7918.0,7829.0,
7944.0,4485.0,12737.0,10600.0,7757.0,19415.0,12159.0,4875.0,5525.0,9405.0,7167.5,14114.0,9591.5,5069.0,17481.0,15236.0,9665.0,12587.0,7932.5,7235.0,18801.0,7022.0,13435.0,8686.0,5493.0,5665.5,5838.0,7098.0,19930.0,5776.0,10464.5,17987.0,14502.0,18122.0,7792.0,7794.0,13083.0,19446.0,
16353.0,16370.0,11359.0,16874.0,14980.0,10885.0,17725.0,18472.0,11905.0,11343.0,15171.0,18999.0,6252.0,9077.5,11903.0,9574.0,16976.0,13419.0,10128.0,5730.0,13056.0,16737.0,19120.0,5334.0,7209.0,8281.0,14698.0,9437.0,12627.0,6368.0,11565.0,13656.0,10756.0,5724.0,11033.0,14252.0,12681.0,7298.0,6876.0,10286.5,13697.0,18307.0,16959.0,9007.0,7857.0,12239.0,7470.0,19925.0,
12400.0,14733.0,8736.0,15349.0,8141.0,17433.0,18193.0,6848.0,18819.0,11208.0,13325.0,16817.0,13633.0,12006.0,5873.0,8823.0,7832.0,17263.0,16518.0,12586.0,19008.0,9540.0,11565.0,14463.0,12235.0,11596.0,8467.0,4215.0,
16702.0,11960.0,9930.0,15968.0,12158.0,17985.0,15157.0,16516.0,4540.0,12596.0,11745.0,5382.0,9866.0,4489.0,5189.0,10914.0,16744.0,8715.0,8193.0,8966.0,11971.0,6403.5,12801.0,9511.0,17803.0,6760.0,11279.0,4510.0,7370.5,10231.0,4725.0,6514.0,9740.0,5254.0,13067.0,15481.0,12259.5,9038.0,9177.0,10961.0,12232.0,19730.0,12374.0,5018.0,9047.0,15085.0,7380.0,5420.5,13557.0,16813.0,7707.0,5859.0,11394.0,6874.0,15722.0,11287.0,6852.0,9589.0,15529.0,8908.0,13235.0,
19109.0,4480.0,10401.0,15327.0,10268.0,9360.0,8290.0,9441.0,8978.0,10237.0,15506.0,18147.0,9565.0,5183.0,7665.0,6327.0,8998.0,14008.0,8630.0,8285.0,12644.0,9592.0,5081.5,4751.5,8932.0,6124.0,11506.0,9086.0,11906.0,14137.0,12794.0,13009.0,16254.0,19047.0,7863.0,19404.0,5896.0,17903.0,12564.0,17912.0,13347.0,9889.0,9439.5,16039.0,14423.0,5341.0,9841.0,12377.0,12007.0,19073.0,17922.0,
18185.0,12643.0,10521.0,8280.0,19517.0,6955.0,18656.0,11261.0,14605.0,5872.0,8925.0,5959.0,5058.0,6581.0,12603.0,13519.0,6969.0,11693.0,9544.0,18783.0,9827.0,15015.0,10411.0,6828.0,10207.0,18057.0,10297.0,12837.0,16246.0,10069.0,16404.0,16692.0,17919.0,19146.0,10317.0,12528.0,17652.0,10194.5,18729.0,6627.0,13918.0,17097.0,18121.5,19146.0,6682.0,19016.0,6850.0,14114.0,14626.0,8794.0,17498.0,
9033.0,14428.0,12338.0,7234.0,15666.0,7980.0,11049.0,9421.0,5573.0,5062.5,8400.0,15311.0,13930.0,7051.0,11942.0,13350.0,6708.0,10038.0,10943.0,17653.0,9662.0,12993.0,5307.0,18853.0,8953.0,4468.0,17420.0,18075.0,8333.0,7862.0,7391.0,7442.0,6544.0,19346.0,10821.0,4778.0,4659.0,12232.5,19806.0,16537.5,13269.0,10080.0,12336.0,17288.0,10234.0,6761.0,6539.0,13049.0,17861.0,8574.0,5160.0,15635.0,16125.0,14030.0,16925.0,
18295.0,16731.0,6110.0,19497.0,8113.0,14836.0,10326.0,14545.0,7560.0,10619.0,4470.0,9551.0,14632.0,10816.0,13482.0,8658.0,15043.0,8301.0,5249.0,16778.0,12689.0,12799.0,5328.5,6880.0,11583.0,16555.0,6871.0,9787.0,9885.5,16117.0,15309.0,14816.0,12436.0,4646.0,5445.0,11022.0,10478.0,7592.0,8421.0,10634.0,4880.0,4202.0,4712.0,7097.0,10475.0,16451.0,9862.0,16026.0,10991.0,7637.0,14156.0,7171.0,12715.0,12472.0,16245.0,8182.0,
12909.0,6435.0,9234.0,17165.0,4920.0,12476.0,15701.0,13925.0,15810.0,10933.0,15769.0,4645.0,5604.0,4444.0,7515.0,9527.0,10212.0,
8657.0,8320.0,11183.0,6755.0,17288.0,7166.0,19629.0,16252.0,18200.0,8270.0,9992.0,4466.0,6282.0,14017.0,10240.0,6463.0,12135.0,19112.0,17936.5,16761.0,13288.0,13621.0,14302.0,10600.5,6899.0,17552.0,7731.0,4180.0,9345.0,16713.0,12423.0,9388.0,9025.5,8663.0,10037.0,16861.0,10832.0,4168.0,4288.0,6887.0,19286.0,12956.0,8454.0,7606.0,15786.0,12663.0,14776.0,7476.0,10865.0,13938.0,
17201.0,16600.0,5379.0,17041.0,7408.0,13374.0,19195.0,9220.0,16283.0,7541.0,6209.0,9017.5,11826.0,14673.0,7792.0,15172.0,8255.0,8293.0,16072.0,18766.0,17271.0,16418.0,7000.0,11189.0,15633.0,19986.0,10160.0,11547.0,5191.0,17553.0,12694.0,18571.0,10882.0,18860.0,18743.0,4472.0,4859.0,8658.0,5397.0,6979.0,15291.0,14174.0,19307.0,8684.0,15511.0,8103.0,9387.0,13734.0,7007.0,11427.0,6423.5,10329.0,15357.0,8954.0,8948.0,6326.0,17868.0,8148.0,
18965.0,14309.0,6230.0,11488.0,10677.0,16842.0,15428.0,9537.0,14956.0,19442.0,15377.0,16013.0,16256.0,12613.0,12685.0,19956.0,7956.0,15289.0,16529.0,17442.0,12146.5,6851.0,19951.0,12200.0,12989.0,19542.0,10633.0,18633.0,4255.0,11509.0,
19701.0,17858.0,14082.0,17442.0,18746.0,9480.0,5580.0,8333.0,11045.0,11983.0,19450.0,9733.0,12752.0,5034.0,12702.0,14630.0,19758.0,9469.0,5568.0,11009.0,6735.0,7655.0,10763.0,7378.0,15272.0,8651.0,12917.0,16730.0,10941.0,15862.0,6610.0,19005.0,12789.0,9663.0,5663.0,10233.0,14803.0,12623.0,18548.0,7845.0,5791.0,4728.0,14941.0,10899.0,16966.0,14200.0,
4336.0,7291.0,10380.0,5590.0,12261.0,18410.0,10346.0,17924.0,10508.0,14076.0,13380.0,10177.0,16886.0,14438.0,8143.0,13198.0,6163.0,13399.0,7547.0,10423.0,13668.0,16023.0,18437.0,8749.0,15530.0,6497.0,19591.0,9958.0,10170.0,15727.0,12096.0,17710.0,11688.5,5667.0,15746.0,4979.0,12021.0,16444.0,13411.0,
15085.0,15526.0,5474.0,17322.0,7657.0,8929.0,17250.0,14760.0,13462.0,17663.0,12807.0,8049.0,10018.0,9980.0,13421.0,7537.0,7771.5,8006.0,8779.0,17906.0,11896.0,8989.0,11059.5,13130.0,4337.0,13092.0,16849.0,14132.0,18225.0,4893.0,14580.0,6378.0,
19001.0,15117.0,11119.0,15166.0,7142.0,17668.0,14779.0,6407.0,5174.0,4998.0,11546.0,5075.0,4806.0,4537.0,16269.0,11909.0,14897.0,14686.0,13453.0,14095.5,14738.0,14812.0,17702.0,14133.0,19289.0,18349.0,9849.0,8385.0,9903.0,10574.0,
18527.0,5880.0,18216.0,19937.0,9006.0,5757.0,17456.0,6464.0,5443.0,10780.0,9209.0,19019.0,8354.0,12433.0,19065.0,15466.0,5690.0,12174.0,9586.5,6999.0,15642.0,4406.0,19058.0,10838.0,15969.0,19382.0,13478.0,18425.0,9655.0,11210.0,11986.0,8430.0,15587.0,6575.0,4346.0,9526.0,11646.0,6683.0,11570.0,16457.0,14523.0,14232.0,4358.0,19246.0,17781.0,14830.0,9463.0,
14264.0,16695.0,18737.0,5287.0,16537.0,15306.0,11580.0,15927.0,6678.0,19121.0,13654.0,17425.0,12320.0,7136.0,9674.0,5966.0,19729.0,11907.0,18900.0,15928.0,12905.0,11000.0,6043.0,10354.0,14748.0,8156.0,10195.0,12234.0,12666.0,17169.0,13830.0,9902.0,17874.0,
18883.0,4897.0,8324.0,12879.0,15278.0,4310.0,8078.0,14819.0,12054.0,6227.0,12520.5,18814.0,19340.0,13903.0,14873.0,17626.0,13228.0,8830.0,6579.0,18172.0,17740.0,11782.0,15564.0,10008.0,14740.0,
5924.0,14539.0,11121.0,14633.0,4661.0,15300.0,11733.0,5159.0,15952.0,11777.0,7242.0,6594.0,4392.0,7713.0,19211.0,8275.0,
6970.0,4740.0,8094.0,16091.0,19386.0,11301.0,15932.0,12729.0,16866.0,7094.0,18684.0,10502.0,18205.0,13855.0,6668.0,11716.0,10525.0,13440.0,18264.0,5080.0,6768.0,12468.0,5028.0,16291.0,4721.0,11387.0,17791.0,15632.0,18321.0,8280.0,10262.0,10768.0,9039.5,7311.0,10004.0,12948.0,9064.0,4646.0,13437.0,
6393.0,10645.0,10716.0,5362.0,8436.0,4968.0,7260.0,5981.0,19253.0,14469.0,14007.0,7794.0,5909.0,16001.0,14075.0,12647.5,11220.0,7447.0,14017.0,19530.0,
